{
 "cells": [
  {
   "cell_type": "code",
   "execution_count": 2,
   "id": "412aee5e",
   "metadata": {},
   "outputs": [],
   "source": [
    "import sys, os\n",
    "sys.path.append(os.pardir)\n",
    "from common.functions import *\n",
    "from common.gradient import numerical_gradient\n",
    "\n",
    "class TwoLayerNet:\n",
    "  def __init__(self, input_size, hidden_size, output_size, weight_init_std=0.01):\n",
    "    self.params = {}\n",
    "    self.params['W1'] = weight_init_std * np.random.randn(input_size, hidden_size)\n",
    "    self.params['b1'] = np.zeros(hidden_size)\n",
    "    self.params['W2'] = weight_init_std * np.random.randn(hidden_size, output_size)\n",
    "    self.params['b2'] = np.zeros(output_size)\n",
    "  \n",
    "  def predict(self, x):\n",
    "    W1, W2 = self.params['W1'], self.params['W2']\n",
    "    b1, b2 = self.params['b1'], self.params['b2']\n",
    "\n",
    "    a1 = np.dot(x, W1) + b1\n",
    "    z1 = sigmoid(a1)\n",
    "    a2 = np.dot(z1, W2) + b2\n",
    "    y = softmax(a2)\n",
    "\n",
    "    return y\n",
    "  \n",
    "  def loss(self, x, t):\n",
    "    y = self.predict(x)\n",
    "\n",
    "    return cross_entropy_error(y, t)\n",
    "\n",
    "  def accuracy(self, x, t):\n",
    "    y = self.predict(x)\n",
    "    y = np.argmax(y, axis=1)\n",
    "    t = np.argmax(t, axis=1)\n",
    "\n",
    "    accuracy = np.sum(y == t) / float(x.shape[0])\n",
    "    return accuracy\n",
    "\n",
    "  def numerical_gradient(self, x, t):\n",
    "    loss_W = lambda W: self.loss(x, t)\n",
    "\n",
    "    grads = {}\n",
    "    grads['W1'] = numerical_gradient(loss_W, self.params['W1'])\n",
    "    grads['b1'] = numerical_gradient(loss_W, self.params['b1'])\n",
    "    grads['W2'] = numerical_gradient(loss_W, self.params['W2'])\n",
    "    grads['b2'] = numerical_gradient(loss_W, self.params['b2'])\n",
    "\n",
    "    return grads"
   ]
  },
  {
   "cell_type": "code",
   "execution_count": null,
   "id": "c179e225",
   "metadata": {},
   "outputs": [
    {
     "name": "stdout",
     "output_type": "stream",
     "text": [
      "(784, 100)\n",
      "(100,)\n",
      "(100, 10)\n",
      "(10,)\n"
     ]
    }
   ],
   "source": [
    "# 가중치 매개변수 접근\n",
    "net = TwoLayerNet(input_size=784, hidden_size=100, output_size=10)\n",
    "print(net.params['W1'].shape)\n",
    "print(net.params['b1'].shape)\n",
    "print(net.params['W2'].shape)\n",
    "print(net.params['b2'].shape)"
   ]
  },
  {
   "cell_type": "code",
   "execution_count": 7,
   "id": "13faafab",
   "metadata": {},
   "outputs": [
    {
     "name": "stdout",
     "output_type": "stream",
     "text": [
      "[[0.10647643 0.10077733 0.09353472 0.10242111 0.10587038 0.09600511\n",
      "  0.09980209 0.10354371 0.09672551 0.09484362]\n",
      " [0.1061995  0.10063524 0.09363212 0.10223145 0.10514356 0.09626505\n",
      "  0.09975    0.10394011 0.09700925 0.09519372]\n",
      " [0.10631689 0.10099779 0.09367917 0.10185661 0.10573854 0.09583692\n",
      "  0.10012275 0.10394717 0.09672347 0.0947807 ]\n",
      " [0.10667504 0.10083206 0.09367995 0.10259104 0.10539506 0.09559828\n",
      "  0.09993436 0.10360248 0.09682199 0.09486976]\n",
      " [0.10642006 0.10064735 0.09383332 0.10243788 0.10522889 0.09636794\n",
      "  0.09974586 0.10377171 0.09695871 0.09458828]\n",
      " [0.10644762 0.10083232 0.09379438 0.10256053 0.10584972 0.0956717\n",
      "  0.09978234 0.10364744 0.09672734 0.09468662]\n",
      " [0.10650457 0.10070116 0.09387432 0.1019463  0.10553429 0.09602446\n",
      "  0.10001846 0.10366583 0.09667354 0.09505708]\n",
      " [0.1067876  0.10090131 0.0935124  0.10227508 0.10547126 0.09586114\n",
      "  0.1001201  0.10347101 0.09672744 0.09487267]\n",
      " [0.10641544 0.10078823 0.09386108 0.10222173 0.10513374 0.09614828\n",
      "  0.0999789  0.1036165  0.09715423 0.09468186]\n",
      " [0.10662887 0.10060625 0.09368002 0.10241299 0.10552957 0.09609333\n",
      "  0.09992347 0.10372707 0.09680068 0.09459775]\n",
      " [0.10647413 0.10074852 0.0934861  0.10223552 0.10565807 0.09611971\n",
      "  0.09988882 0.10389269 0.0966425  0.09485395]\n",
      " [0.10657943 0.10054582 0.0936041  0.10235726 0.10558893 0.09605726\n",
      "  0.09990848 0.10376921 0.09700673 0.09458277]\n",
      " [0.10622787 0.10058236 0.09365503 0.10244365 0.105332   0.09630289\n",
      "  0.10005759 0.10383448 0.09681122 0.09475292]\n",
      " [0.10629736 0.1006666  0.09346283 0.10226922 0.10540647 0.0960348\n",
      "  0.1001576  0.10390039 0.09683654 0.09496818]\n",
      " [0.10618031 0.10084672 0.09368139 0.10218544 0.1055135  0.09624617\n",
      "  0.0996272  0.1035735  0.09728728 0.09485849]\n",
      " [0.10640628 0.1006994  0.09354072 0.1024424  0.10568349 0.09599955\n",
      "  0.10001291 0.10349065 0.09705954 0.09466505]\n",
      " [0.10659959 0.10089867 0.09382626 0.10209577 0.10517104 0.09595917\n",
      "  0.09951517 0.10387043 0.09677139 0.09529252]\n",
      " [0.10648505 0.10086719 0.09335933 0.10234359 0.10528075 0.09601447\n",
      "  0.10007475 0.10380568 0.09690365 0.09486554]\n",
      " [0.10644594 0.10041815 0.09337915 0.10211585 0.10542363 0.09590001\n",
      "  0.10010346 0.10408174 0.09720715 0.09492493]\n",
      " [0.10663853 0.10065687 0.09359948 0.10244955 0.10509467 0.09610529\n",
      "  0.09986774 0.10393956 0.09681977 0.09482855]\n",
      " [0.10668293 0.10021156 0.09356766 0.102361   0.10556931 0.09616032\n",
      "  0.10005121 0.10377577 0.09697454 0.0946457 ]\n",
      " [0.1060451  0.10093841 0.0936342  0.10198314 0.10599912 0.09588506\n",
      "  0.10011012 0.1038206  0.09687679 0.09470747]\n",
      " [0.10647603 0.10087877 0.09366404 0.10221202 0.10553553 0.09617126\n",
      "  0.09973463 0.1036409  0.09705275 0.09463406]\n",
      " [0.10617011 0.10069963 0.09388045 0.10238014 0.1053896  0.09611927\n",
      "  0.09974266 0.10357993 0.09715971 0.0948785 ]\n",
      " [0.10634665 0.10079777 0.09373784 0.10212599 0.10555167 0.09618691\n",
      "  0.09977072 0.10369223 0.09697728 0.09481295]\n",
      " [0.10638042 0.10074188 0.09375459 0.1025049  0.10543213 0.09597554\n",
      "  0.09968449 0.10377768 0.09687007 0.0948783 ]\n",
      " [0.10644086 0.10065443 0.09398318 0.10231734 0.1055336  0.09614165\n",
      "  0.09944465 0.10371092 0.09678629 0.09498709]\n",
      " [0.10648876 0.10104243 0.09377537 0.10184711 0.1055323  0.09585212\n",
      "  0.09968743 0.1039651  0.0967591  0.09505028]\n",
      " [0.10648799 0.10070813 0.09364945 0.10187966 0.1057769  0.09598184\n",
      "  0.10027869 0.10401421 0.09670427 0.09451886]\n",
      " [0.10661136 0.10062429 0.09374107 0.10238004 0.10548759 0.09618332\n",
      "  0.09973371 0.10374869 0.09680537 0.09468455]\n",
      " [0.10672393 0.10069309 0.09343991 0.10244872 0.10523873 0.09619377\n",
      "  0.09986422 0.10369956 0.09705072 0.09464735]\n",
      " [0.10637484 0.10064189 0.09379516 0.10270736 0.10576954 0.09579948\n",
      "  0.09967995 0.10357117 0.09683126 0.09482934]\n",
      " [0.10621185 0.10109201 0.09373568 0.10234425 0.10554641 0.09601652\n",
      "  0.09978743 0.10358891 0.0969752  0.09470174]\n",
      " [0.10659921 0.10064436 0.09381593 0.10225343 0.10554864 0.09603749\n",
      "  0.09990275 0.10355252 0.09699479 0.09465086]\n",
      " [0.1063098  0.1008095  0.09377961 0.10217289 0.10538008 0.09591632\n",
      "  0.09975934 0.10400543 0.09691022 0.09495682]\n",
      " [0.10608586 0.1008474  0.09365891 0.1025745  0.10546576 0.09593209\n",
      "  0.0997604  0.10385333 0.09710912 0.09471265]\n",
      " [0.10613511 0.10076589 0.09387753 0.10258104 0.10536034 0.09603013\n",
      "  0.09957813 0.10366379 0.09709563 0.0949124 ]\n",
      " [0.10632031 0.10064727 0.09374696 0.10228357 0.10508719 0.09617515\n",
      "  0.10006958 0.10390455 0.09712875 0.09463667]\n",
      " [0.10626848 0.10065977 0.09357073 0.10215044 0.10521142 0.09607619\n",
      "  0.10025579 0.1039414  0.09697556 0.09489022]\n",
      " [0.10637114 0.10065787 0.09344393 0.10233355 0.10558555 0.09590829\n",
      "  0.09986918 0.10382446 0.09709859 0.09490744]\n",
      " [0.10652736 0.10053542 0.09358652 0.10261401 0.10492804 0.09586357\n",
      "  0.09974556 0.10405438 0.09711034 0.09503479]\n",
      " [0.10628108 0.10060819 0.09345209 0.10275735 0.10521946 0.09586026\n",
      "  0.09971823 0.10385688 0.09720876 0.09503769]\n",
      " [0.10606956 0.10086963 0.09353105 0.10241338 0.10547725 0.09631932\n",
      "  0.09984054 0.1034605  0.09696588 0.09505289]\n",
      " [0.10627926 0.10084681 0.09395585 0.10185047 0.10562653 0.0957938\n",
      "  0.10017827 0.10377671 0.09682648 0.09486582]\n",
      " [0.10641536 0.10068397 0.09348694 0.10217489 0.10522923 0.09615469\n",
      "  0.09980444 0.10396524 0.09709169 0.09499354]\n",
      " [0.1063368  0.10066467 0.09364253 0.10227211 0.10496197 0.09615782\n",
      "  0.10007292 0.10361796 0.09726335 0.09500986]\n",
      " [0.10656828 0.10070544 0.09363974 0.10237268 0.10574171 0.09600418\n",
      "  0.09960142 0.10371962 0.0968219  0.09482503]\n",
      " [0.10643761 0.10068889 0.09359854 0.10225727 0.10533538 0.09639105\n",
      "  0.09980043 0.10377643 0.0968076  0.0949068 ]\n",
      " [0.10626238 0.10080426 0.09357373 0.1024542  0.10599695 0.09584719\n",
      "  0.10004229 0.10367454 0.09664074 0.09470372]\n",
      " [0.10641043 0.10066976 0.09406975 0.10228948 0.10472341 0.09627968\n",
      "  0.09983349 0.10373881 0.09709006 0.09489512]\n",
      " [0.10658181 0.10088639 0.09349944 0.10234099 0.10557892 0.09595515\n",
      "  0.09977071 0.10365473 0.0966517  0.09508017]\n",
      " [0.10621881 0.10059455 0.09379978 0.10240149 0.10540664 0.09603927\n",
      "  0.09990104 0.10377007 0.09698746 0.09488088]\n",
      " [0.10614002 0.10058096 0.09365563 0.10209227 0.10586564 0.09618776\n",
      "  0.10002537 0.10384368 0.09693765 0.09467102]\n",
      " [0.10664234 0.10084211 0.09375568 0.10204757 0.10571546 0.09585465\n",
      "  0.09991306 0.10355337 0.09693021 0.09474555]\n",
      " [0.10673441 0.10082227 0.09349641 0.1021097  0.10558171 0.09608321\n",
      "  0.09982687 0.10367791 0.09683812 0.0948294 ]\n",
      " [0.10590178 0.10044202 0.09360708 0.10244688 0.10582792 0.09606002\n",
      "  0.09990234 0.10379421 0.09718559 0.09483216]\n",
      " [0.10636886 0.10092165 0.09334667 0.1023233  0.10521674 0.09614756\n",
      "  0.09996064 0.10379846 0.09684396 0.09507216]\n",
      " [0.10634285 0.1011039  0.09353132 0.1024491  0.10526316 0.09598669\n",
      "  0.10002285 0.1037467  0.09684322 0.09471023]\n",
      " [0.10620337 0.10070613 0.09407696 0.10240436 0.10547492 0.09601682\n",
      "  0.09992113 0.10343829 0.09702264 0.09473538]\n",
      " [0.106427   0.1009129  0.09348445 0.10239979 0.10543005 0.0955571\n",
      "  0.09995988 0.10389342 0.09712289 0.09481251]\n",
      " [0.10648234 0.1009196  0.09345606 0.10213306 0.10529316 0.09576079\n",
      "  0.10022146 0.10366508 0.09708875 0.09497969]\n",
      " [0.1065759  0.10065296 0.09395545 0.10203738 0.10552859 0.09600825\n",
      "  0.09988385 0.10364141 0.09702565 0.09469057]\n",
      " [0.10675373 0.10058549 0.09362306 0.10271061 0.10513715 0.09594946\n",
      "  0.09964577 0.10382283 0.09677416 0.09499774]\n",
      " [0.10660272 0.10053432 0.09357105 0.10230492 0.10541141 0.09648448\n",
      "  0.10003773 0.10375395 0.09676492 0.0945345 ]\n",
      " [0.10681128 0.10063808 0.09346898 0.10259177 0.10519379 0.095757\n",
      "  0.09979324 0.10388008 0.09691404 0.09495175]\n",
      " [0.10610386 0.10080383 0.09361605 0.10231338 0.10542308 0.09604219\n",
      "  0.09995238 0.10373273 0.09703938 0.09497312]\n",
      " [0.10628029 0.10096719 0.0935415  0.10198797 0.10571793 0.09613714\n",
      "  0.10012858 0.10373787 0.09683365 0.09466789]\n",
      " [0.10649577 0.10075617 0.09346718 0.10238812 0.10561027 0.09582856\n",
      "  0.10009111 0.10370585 0.09690031 0.09475666]\n",
      " [0.10654181 0.10067689 0.09348157 0.10229184 0.10500899 0.0962459\n",
      "  0.09969727 0.10383995 0.0969904  0.09522537]\n",
      " [0.10656082 0.10047368 0.09364717 0.10220401 0.10566174 0.09626\n",
      "  0.10004968 0.10353281 0.09705778 0.09455232]\n",
      " [0.10616984 0.10058092 0.09331455 0.10221438 0.10556772 0.09624111\n",
      "  0.10018961 0.10381645 0.09695082 0.09495461]\n",
      " [0.10641709 0.10057347 0.09382201 0.10257205 0.1051108  0.09620731\n",
      "  0.09988118 0.10363218 0.09676754 0.09501636]\n",
      " [0.10689997 0.10071436 0.0936796  0.10236179 0.10537233 0.09610461\n",
      "  0.09977521 0.10353378 0.09700485 0.09455349]\n",
      " [0.10628053 0.10075083 0.09380635 0.10220467 0.10541696 0.09578799\n",
      "  0.09999967 0.10376305 0.09697306 0.09501688]\n",
      " [0.10646138 0.10064221 0.09367074 0.10221302 0.10542933 0.09620332\n",
      "  0.10024883 0.10338283 0.09701355 0.09473479]\n",
      " [0.10653886 0.10083694 0.09356823 0.10254074 0.10583723 0.09615178\n",
      "  0.09987036 0.10373415 0.09645502 0.0944667 ]\n",
      " [0.10658689 0.10069495 0.09385053 0.10227448 0.10543771 0.09599526\n",
      "  0.09995965 0.10327738 0.09701603 0.09490712]\n",
      " [0.10630608 0.10051864 0.09355781 0.10254068 0.10534248 0.09612814\n",
      "  0.10000878 0.10380081 0.09710202 0.09469456]\n",
      " [0.10652702 0.10071734 0.09371362 0.10268502 0.10558493 0.09587896\n",
      "  0.09986962 0.10363711 0.09681826 0.09456812]\n",
      " [0.10659261 0.10062984 0.09354063 0.10277709 0.1055643  0.09610078\n",
      "  0.10002302 0.10363294 0.09671251 0.09442628]\n",
      " [0.10642214 0.1007192  0.0938026  0.10191537 0.10553089 0.09647039\n",
      "  0.09989658 0.10364992 0.09672534 0.09486757]\n",
      " [0.1065696  0.10077249 0.09342041 0.10244751 0.1057077  0.09575045\n",
      "  0.09996598 0.1036151  0.09693507 0.09481568]\n",
      " [0.10691948 0.10072207 0.09356386 0.10246393 0.10518768 0.09618411\n",
      "  0.09964439 0.10360995 0.09679542 0.09490912]\n",
      " [0.10631494 0.10068602 0.09356722 0.10259027 0.10547352 0.09607116\n",
      "  0.10010207 0.10327031 0.09698032 0.09494416]\n",
      " [0.10639394 0.10074964 0.09351769 0.10192682 0.10551618 0.0962573\n",
      "  0.10036485 0.10379656 0.09674346 0.09473357]\n",
      " [0.1064184  0.10065841 0.09363403 0.10229069 0.10515445 0.09631018\n",
      "  0.09950814 0.10378566 0.09693845 0.09530159]\n",
      " [0.10648613 0.10057906 0.09351556 0.10245246 0.10538578 0.09583137\n",
      "  0.09999907 0.10378999 0.0968816  0.09507897]\n",
      " [0.10629342 0.10083448 0.09357485 0.10200626 0.10548241 0.09608261\n",
      "  0.10026014 0.10358667 0.09705384 0.09482532]\n",
      " [0.10634867 0.10074145 0.09342041 0.10222262 0.1055362  0.09608201\n",
      "  0.10016187 0.10371637 0.09690017 0.09487024]\n",
      " [0.10661865 0.10057933 0.09322646 0.10213308 0.10541422 0.09603963\n",
      "  0.10020378 0.10388053 0.09693002 0.09497429]\n",
      " [0.10615001 0.10079527 0.09354714 0.10232952 0.10527931 0.09611724\n",
      "  0.10011243 0.1039867  0.09689646 0.09478593]\n",
      " [0.10648833 0.10099171 0.09353407 0.10230021 0.10529419 0.09575475\n",
      "  0.09990232 0.10387088 0.09691437 0.09494916]\n",
      " [0.10655146 0.10077335 0.09353444 0.10194882 0.10564586 0.09606232\n",
      "  0.10007627 0.10375319 0.09689533 0.09475897]\n",
      " [0.105825   0.10076774 0.09367939 0.10240162 0.1056687  0.09576679\n",
      "  0.10030066 0.10378706 0.09704912 0.09475393]\n",
      " [0.10656576 0.1007668  0.0932968  0.10286235 0.10502256 0.09612996\n",
      "  0.09985436 0.10378096 0.0967042  0.09501624]\n",
      " [0.10626021 0.10067165 0.09355562 0.10234674 0.10575144 0.09594953\n",
      "  0.1000623  0.10368795 0.09718055 0.09453402]\n",
      " [0.1063947  0.10062758 0.09370932 0.10277819 0.10524497 0.09582825\n",
      "  0.10005189 0.10363287 0.09691119 0.09482104]\n",
      " [0.10641507 0.10063843 0.09358196 0.10236901 0.10557218 0.09592182\n",
      "  0.09963226 0.10396262 0.09708151 0.09482513]\n",
      " [0.10653072 0.10071774 0.09360346 0.10233423 0.10567744 0.09627786\n",
      "  0.10010418 0.10355856 0.09662165 0.09457417]\n",
      " [0.10639717 0.10075797 0.09371154 0.10232541 0.10495245 0.09579783\n",
      "  0.09989703 0.1039899  0.09688948 0.09528123]]\n"
     ]
    }
   ],
   "source": [
    "# 예측 처리\n",
    "x = np.random.rand(100, 784)\n",
    "y = net.predict(x)\n",
    "\n",
    "print(y)"
   ]
  },
  {
   "cell_type": "code",
   "execution_count": null,
   "id": "6ec091c5",
   "metadata": {},
   "outputs": [
    {
     "name": "stdout",
     "output_type": "stream",
     "text": [
      "processing 0\n",
      "processing 1\n",
      "processing 2\n",
      "processing 3\n",
      "processing 4\n",
      "processing 5\n",
      "processing 6\n",
      "processing 7\n",
      "processing 8\n",
      "processing 9\n",
      "processing 10\n",
      "processing 11\n",
      "processing 12\n",
      "processing 13\n",
      "processing 14\n",
      "processing 15\n"
     ]
    },
    {
     "ename": "KeyboardInterrupt",
     "evalue": "",
     "output_type": "error",
     "traceback": [
      "\u001b[31m---------------------------------------------------------------------------\u001b[39m",
      "\u001b[31mKeyboardInterrupt\u001b[39m                         Traceback (most recent call last)",
      "\u001b[36mCell\u001b[39m\u001b[36m \u001b[39m\u001b[32mIn[13]\u001b[39m\u001b[32m, line 21\u001b[39m\n\u001b[32m     18\u001b[39m x_batch = x_train[batch_mask]\n\u001b[32m     19\u001b[39m t_batch = t_train[batch_mask]\n\u001b[32m---> \u001b[39m\u001b[32m21\u001b[39m grad = \u001b[43mnetwork\u001b[49m\u001b[43m.\u001b[49m\u001b[43mnumerical_gradient\u001b[49m\u001b[43m(\u001b[49m\u001b[43mx_batch\u001b[49m\u001b[43m,\u001b[49m\u001b[43m \u001b[49m\u001b[43mt_batch\u001b[49m\u001b[43m)\u001b[49m\n\u001b[32m     23\u001b[39m \u001b[38;5;28;01mfor\u001b[39;00m key \u001b[38;5;129;01min\u001b[39;00m (\u001b[33m'\u001b[39m\u001b[33mW1\u001b[39m\u001b[33m'\u001b[39m, \u001b[33m'\u001b[39m\u001b[33mb1\u001b[39m\u001b[33m'\u001b[39m, \u001b[33m'\u001b[39m\u001b[33mW2\u001b[39m\u001b[33m'\u001b[39m, \u001b[33m'\u001b[39m\u001b[33mb2\u001b[39m\u001b[33m'\u001b[39m):\n\u001b[32m     24\u001b[39m   network.params[key] -= learning_rate * grad[key]\n",
      "\u001b[36mCell\u001b[39m\u001b[36m \u001b[39m\u001b[32mIn[2]\u001b[39m\u001b[32m, line 42\u001b[39m, in \u001b[36mTwoLayerNet.numerical_gradient\u001b[39m\u001b[34m(self, x, t)\u001b[39m\n\u001b[32m     39\u001b[39m loss_W = \u001b[38;5;28;01mlambda\u001b[39;00m W: \u001b[38;5;28mself\u001b[39m.loss(x, t)\n\u001b[32m     41\u001b[39m grads = {}\n\u001b[32m---> \u001b[39m\u001b[32m42\u001b[39m grads[\u001b[33m'\u001b[39m\u001b[33mW1\u001b[39m\u001b[33m'\u001b[39m] = \u001b[43mnumerical_gradient\u001b[49m\u001b[43m(\u001b[49m\u001b[43mloss_W\u001b[49m\u001b[43m,\u001b[49m\u001b[43m \u001b[49m\u001b[38;5;28;43mself\u001b[39;49m\u001b[43m.\u001b[49m\u001b[43mparams\u001b[49m\u001b[43m[\u001b[49m\u001b[33;43m'\u001b[39;49m\u001b[33;43mW1\u001b[39;49m\u001b[33;43m'\u001b[39;49m\u001b[43m]\u001b[49m\u001b[43m)\u001b[49m\n\u001b[32m     43\u001b[39m grads[\u001b[33m'\u001b[39m\u001b[33mb1\u001b[39m\u001b[33m'\u001b[39m] = numerical_gradient(loss_W, \u001b[38;5;28mself\u001b[39m.params[\u001b[33m'\u001b[39m\u001b[33mb1\u001b[39m\u001b[33m'\u001b[39m])\n\u001b[32m     44\u001b[39m grads[\u001b[33m'\u001b[39m\u001b[33mW2\u001b[39m\u001b[33m'\u001b[39m] = numerical_gradient(loss_W, \u001b[38;5;28mself\u001b[39m.params[\u001b[33m'\u001b[39m\u001b[33mW2\u001b[39m\u001b[33m'\u001b[39m])\n",
      "\u001b[36mFile \u001b[39m\u001b[32m~/Workspace/learning_dl/3_learning/../common/gradient.py:15\u001b[39m, in \u001b[36mnumerical_gradient\u001b[39m\u001b[34m(f, x)\u001b[39m\n\u001b[32m     12\u001b[39m fxh1 = f(x) \u001b[38;5;66;03m# f(x+h)\u001b[39;00m\n\u001b[32m     14\u001b[39m x[idx] = tmp_val - h \n\u001b[32m---> \u001b[39m\u001b[32m15\u001b[39m fxh2 = \u001b[43mf\u001b[49m\u001b[43m(\u001b[49m\u001b[43mx\u001b[49m\u001b[43m)\u001b[49m \u001b[38;5;66;03m# f(x-h)\u001b[39;00m\n\u001b[32m     16\u001b[39m grad[idx] = (fxh1 - fxh2) / (\u001b[32m2\u001b[39m*h)\n\u001b[32m     18\u001b[39m x[idx] = tmp_val \u001b[38;5;66;03m# 값 복원\u001b[39;00m\n",
      "\u001b[36mCell\u001b[39m\u001b[36m \u001b[39m\u001b[32mIn[2]\u001b[39m\u001b[32m, line 39\u001b[39m, in \u001b[36mTwoLayerNet.numerical_gradient.<locals>.<lambda>\u001b[39m\u001b[34m(W)\u001b[39m\n\u001b[32m     38\u001b[39m \u001b[38;5;28;01mdef\u001b[39;00m\u001b[38;5;250m \u001b[39m\u001b[34mnumerical_gradient\u001b[39m(\u001b[38;5;28mself\u001b[39m, x, t):\n\u001b[32m---> \u001b[39m\u001b[32m39\u001b[39m   loss_W = \u001b[38;5;28;01mlambda\u001b[39;00m W: \u001b[38;5;28;43mself\u001b[39;49m\u001b[43m.\u001b[49m\u001b[43mloss\u001b[49m\u001b[43m(\u001b[49m\u001b[43mx\u001b[49m\u001b[43m,\u001b[49m\u001b[43m \u001b[49m\u001b[43mt\u001b[49m\u001b[43m)\u001b[49m\n\u001b[32m     41\u001b[39m   grads = {}\n\u001b[32m     42\u001b[39m   grads[\u001b[33m'\u001b[39m\u001b[33mW1\u001b[39m\u001b[33m'\u001b[39m] = numerical_gradient(loss_W, \u001b[38;5;28mself\u001b[39m.params[\u001b[33m'\u001b[39m\u001b[33mW1\u001b[39m\u001b[33m'\u001b[39m])\n",
      "\u001b[36mCell\u001b[39m\u001b[36m \u001b[39m\u001b[32mIn[2]\u001b[39m\u001b[32m, line 26\u001b[39m, in \u001b[36mTwoLayerNet.loss\u001b[39m\u001b[34m(self, x, t)\u001b[39m\n\u001b[32m     25\u001b[39m \u001b[38;5;28;01mdef\u001b[39;00m\u001b[38;5;250m \u001b[39m\u001b[34mloss\u001b[39m(\u001b[38;5;28mself\u001b[39m, x, t):\n\u001b[32m---> \u001b[39m\u001b[32m26\u001b[39m   y = \u001b[38;5;28;43mself\u001b[39;49m\u001b[43m.\u001b[49m\u001b[43mpredict\u001b[49m\u001b[43m(\u001b[49m\u001b[43mx\u001b[49m\u001b[43m)\u001b[49m\n\u001b[32m     28\u001b[39m   \u001b[38;5;28;01mreturn\u001b[39;00m cross_entropy_error(y, t)\n",
      "\u001b[36mCell\u001b[39m\u001b[36m \u001b[39m\u001b[32mIn[2]\u001b[39m\u001b[32m, line 19\u001b[39m, in \u001b[36mTwoLayerNet.predict\u001b[39m\u001b[34m(self, x)\u001b[39m\n\u001b[32m     16\u001b[39m b1, b2 = \u001b[38;5;28mself\u001b[39m.params[\u001b[33m'\u001b[39m\u001b[33mb1\u001b[39m\u001b[33m'\u001b[39m], \u001b[38;5;28mself\u001b[39m.params[\u001b[33m'\u001b[39m\u001b[33mb2\u001b[39m\u001b[33m'\u001b[39m]\n\u001b[32m     18\u001b[39m a1 = np.dot(x, W1) + b1\n\u001b[32m---> \u001b[39m\u001b[32m19\u001b[39m z1 = \u001b[43msigmoid\u001b[49m\u001b[43m(\u001b[49m\u001b[43ma1\u001b[49m\u001b[43m)\u001b[49m\n\u001b[32m     20\u001b[39m a2 = np.dot(z1, W2) + b2\n\u001b[32m     21\u001b[39m y = softmax(a2)\n",
      "\u001b[36mFile \u001b[39m\u001b[32m~/Workspace/learning_dl/3_learning/../common/functions.py:13\u001b[39m, in \u001b[36msigmoid\u001b[39m\u001b[34m(x)\u001b[39m\n\u001b[32m      9\u001b[39m \u001b[38;5;28;01mdef\u001b[39;00m\u001b[38;5;250m \u001b[39m\u001b[34mstep_function\u001b[39m(x):\n\u001b[32m     10\u001b[39m     \u001b[38;5;28;01mreturn\u001b[39;00m np.array(x > \u001b[32m0\u001b[39m, dtype=np.int)\n\u001b[32m---> \u001b[39m\u001b[32m13\u001b[39m \u001b[38;5;28;01mdef\u001b[39;00m\u001b[38;5;250m \u001b[39m\u001b[34msigmoid\u001b[39m(x):\n\u001b[32m     14\u001b[39m     \u001b[38;5;28;01mreturn\u001b[39;00m \u001b[32m1\u001b[39m / (\u001b[32m1\u001b[39m + np.exp(-x))    \n\u001b[32m     17\u001b[39m \u001b[38;5;28;01mdef\u001b[39;00m\u001b[38;5;250m \u001b[39m\u001b[34msigmoid_grad\u001b[39m(x):\n",
      "\u001b[31mKeyboardInterrupt\u001b[39m: "
     ]
    }
   ],
   "source": [
    "# 미니배치 학습 구현하기\n",
    "import numpy as np\n",
    "from dataset.mnist import load_mnist\n",
    "\n",
    "(x_train, t_train), (x_test, t_test) = load_mnist(normalize=True, one_hot_label=True)\n",
    "\n",
    "train_loss_init = []\n",
    "train_acc_list = []\n",
    "test_acc_list = []\n",
    "\n",
    "iters_num = 1000\n",
    "train_size = x_train.shape[0]\n",
    "batch_size = 100\n",
    "learning_rate = 0.1\n",
    "\n",
    "network = TwoLayerNet(input_size=784, hidden_size=50, output_size=10)\n",
    "\n",
    "iter_per_epoch = max(train_size / batch_size, 1)\n",
    "\n",
    "for i in range(iters_num):\n",
    "  batch_mask = np.random.choice(train_size, batch_size)\n",
    "  x_batch = x_train[batch_mask]\n",
    "  t_batch = t_train[batch_mask]\n",
    "\n",
    "  grad = network.numerical_gradient(x_batch, t_batch)\n",
    "\n",
    "  for key in ('W1', 'b1', 'W2', 'b2'):\n",
    "    network.params[key] -= learning_rate * grad[key]\n",
    "  \n",
    "  loss = network.loss(x_batch, t_batch)\n",
    "  train_loss_init.append(loss)\n",
    "\n",
    "  print(f'processing {i}')\n",
    "\n",
    "  if i % iter_per_epoch == 0:\n",
    "    train_acc = network.accuracy(x_train, t_train)\n",
    "    test_acc = network.accuracy(x_test, t_test)\n",
    "    train_acc_list.append(train_acc)\n",
    "    test_acc_list.append(test_acc)\n",
    "    print(\"train acc, test acc | \" + str(train_acc) + ', ' + str(test_acc))\n"
   ]
  },
  {
   "cell_type": "code",
   "execution_count": 15,
   "id": "6955c7fc",
   "metadata": {},
   "outputs": [
    {
     "name": "stdout",
     "output_type": "stream",
     "text": [
      "[np.float64(2.2899845439172304), np.float64(2.289124461206791), np.float64(2.297134622283042), np.float64(2.2858753787055393), np.float64(2.2975680364343787), np.float64(2.286459532427894), np.float64(2.274321747855378), np.float64(2.3031071797489133), np.float64(2.287072727868371), np.float64(2.2927318238229804), np.float64(2.288222344744765), np.float64(2.2960831460923554), np.float64(2.301288063269686), np.float64(2.304999872099575), np.float64(2.29071454047077), np.float64(2.297798622958332)]\n"
     ]
    },
    {
     "data": {
